1   1985
2   1985
3   1985
4   1985
5   1985
6   1985
7   1985
8   1985
    1985
    1986
    1986
    1987
    1987
    1987
    1988
    1989
    1989
    1989
    1989
43  1991
44  1991
49  1991
52  1991
53  1990
    1990
    1990
    1990
    1991
    1991
    1991
    1991
    1991
    1991
    1991
    1991
    1991
    1991
    1991
    1991
67  1992
68  1992
69  1992
80  1992
    1992
    1992
    1992
    1992
    1992
88  1993
107 1993
108 1993
113 1993
118 1993
121 1993
126 1993
132 1993
133 1993
140 1993
    1993
    1993
    1993
    1993
    1993
    1993
    1993
    1993
    1993
148 1994
151 1994
153 1994
155 1994
156 1994
157 1994
161 1994
166 1994
170 1994
174 1994
175 1994
177 1994
181 1994
184 1994
    1994
    1994
    1994
    1994
    1994
202 1995
203 1995
207 1995
209 1995
210 1995
211 1995
215 1995
216 1995
217 1995
219 1995
220 1995
223 1995
225 1995
226 1995
227 1995
228 1995
230 1995
231 1995
    1995
    1995
    1995
    1995
    1995
244 1996
247 1996
251 1996
252 1996
253 1996
254 1996
256 1996
260 1996
262 1996
281 1997
283 1997
284 1997
285 1997
286 1997
287 1997
288 1997
289 1997
290 1997
291 1997
293 1997
295 1997
297 1997
299 1997
300 1997
302 1997
303 1997
304 1997
306 1997
307 1997
308 1997
309 1997
310 1997
312 1997
313 1997
314 1997
315 1997
318 1997
319 1997
322 1997
323 1998
324 1998
325 1998
327 1998
331 1998
332 1998
333 1998
334 1998
335 1998
338 1998
339 1999
340 1999
342 1999
344 1999
345 1999
346 1999
348 1999
349 1999
350 1999
351 1999
352 1999
353 1999
354 1999
355 1999
358 1999
361 2000
362 2000
363 2000
364 2000
365 2000
367 2000
368 2000
370 2000
371 2000
372 2000
374 2000
375 2000
376 2000
379 2000
380 2000
381 2000
382 2001
383 2001
384 2001
385 2001
386 1999
387 2001
388 2001
391 2001
393 2001
394 2001
397 2001
398 2001
399 2001
401 2001
402 2001
403 2001
405 2001
407 2001
408 2001
410 2001
412 2001
413 2001
415 2001
416 2001
    2001
419 2002
420 2002
421 2002
425 2002
426 2002
427 2002
429 2002
430 2002
431 2002
433 2002
435 2002
438 2002
439 2002
440 2002
441 2002
448 2002
450 2002
451 2002
452 2002
454 2002
457 2003
458 2003
463 2003
466 2003
468 2003
470 2003
471 2003
474 2003
480 2003
481 2003
482 2003
483 2003
486 2003
487 2004
488 2004
489 2004
490 2004
491 2004
492 2004
493 2004
494 2004
495 2004
496 2004
497 2004
498 2004
499 2004
500 2004
501 2004
502 2004
503 2004
505 2004
506 2004
507 2004
508 2004
511 2004
514 2004
515 2004
516 2004
517 2004
519 2005
520 2005
522 2005
527 2005
530 2005
532 2005
534 2005
535 2005
536 2005
537 2005
538 2005
540 2005
542 2005
545 2005
548 2005
549 2005
550 2006
551 2006
552 2006
553 2006
554 2006
555 2006
556 2006
557 2006
558 2006
560 2006
561 2006
562 2006
563 2006
564 2006
565 2006
566 2006
567 2006
569 2006
570 2006
571 2006
574 2006
575 2006
576 2006
577 2006
578 2006
579 2006
580 2006
581 2006
582 2006
583 2006
584 2007
585 2007
586 2007
587 2007
588 2007
589 2007
590 2007
591 2007
592 2007
593 2007
594 2007
595 2007
596 2007
597 2007
598 2007
599 2007
600 2007
601 2007
602 2007
603 2007
604 2007
605 2007
606 2007
607 2007
608 2007
609 2007
610 2007
611 2007
612 2007
613 2007
614 2007
615 2008
617 2008
619 2008
620 2008
621 2008
622 2008
623 2008
624 2008
625 2008
626 2008
628 2008
629 2008
631 2008
632 2008
633 2008
634 2008
635 2008
636 2008
638 2008
639 2008
640 2008
641 2008
643 2008
644 2008
646 2008
647 2008
651 2008
653 2008
654 2008
656 2008
657 2008
658 2009
659 2009
660 2009
661 2009
662 2009
663 2009
664 2009
665 2009
666 2009
667 2009
668 2009
669 2009
670 2009
671 2009
672 2009
673 2009
674 2009
675 2009
676 2009
677 2009
678 2009
679 2009
680 2009
681 2009
682 2009
683 2009
684 2009
685 2009
686 2009
687 2009
688 2009
689 2010
690 2010
691 2010
692 2010
693 2010
694 2010
695 2010
696 2010
697 2010
698 2010
699 2010
700 2010
701 2010
702 2010
703 2010
704 2010
705 2010
706 2010
707 2010
708 2010
709 2010
710 2010
711 2010
712 2010
713 2010
714 2010
715 2010
716 2010
717 2010
718 2010
719 2010
720 2010
721 2010
722 2011
723 2011
724 2011
725 2011
726 2011
727 2011
728 2011
729 2011
730 2011
731 2011
732 2011
733 2011
734 2011
735 2011
736 2011
737 2011
738 2011
739 2011
740 2011
741 2011
742 2011
743 2011
744 2011
745 2011
746 2011
747 2011
748 2011
749 2011
750 2011
751 2011
752 2011
753 2011
754 2012
755 2012
756 2012
757 2012
758 2012
759 2012
760 2012
761 2012
762 2012
763 2012
764 2012
765 2012
766 2012
767 2012
768 2012
769 2012
770 2012
771 2012
772 2012
773 2012
774 2012
775 2012
776 2012
777 2012
778 2012
779 2012
780 2012
781 2012
782 2012
783 2012
784 2012
785 2012
786 2012
787 2012
788 2013
789 2013
790 2013
791 2013
792 2013
793 2013
794 2013
795 2013
796 2013
797 2013
798 2013
799 2013
800 2013
801 2013
802 2013
803 2013
804 2014
805 2014
806 2014
807 2014
808 2014
809 2014
810 2014
811 2014
812 2015
813 2015
814 2015
815 2015
816 2015
817 2015
818 2015
819 2015
820 2015
821 2015
822 2015
823 2015
824 2015
825 2015
826 2015
827 2015
828 2015
829 2015
830 2015
831 2015
832 2015
833 2015
834 2015
835 2015
836 2016
837 2016
838 2016
839 2016
840 2016
841 2016
842 2016
843 2016
844 2016
845 2016
846 2016
847 2016
848 2016
849 2016
850 2016
851 2016
852 2016
853 2016
854 2016
855 2016
856 2016
857 2017
858 2017
859 2017
860 2017
861 2017
862 2017
863 2017
864 2017
865 2017
866 2017
867 2017
868 2017
869 2017
870 2017
871 2017
872 2017
873 2017
874 2017
875 2017
876 2017
877 2017
878 2017
879 2017
880 2018
881 2018
882 2018
883 2018
884 2018
885 2018
886 2018
887 2018
888 2018
889 2018
890 2018
891 2018
892 2018
893 2018
894 2018
895 2018
896 2018
897 2018
898 2018
899 2018
900 2018
901 2018
902 2018
903 2018
904 2018
905 2018
906 2018
907 2018
908 2018
909 2018
910 2018
911 2018
912 2018
913 2018
914 2018
915 2019
916 2019
917 2019
918 2019
919 2019
920 2019
921 2019
922 2019
923 2019
924 2019
925 2019
926 2019
927 2019
928 2019
929 2019
930 2019
931 2019
932 2019
933 2019
934 2019
935 2019
936 2019
937 2019
938 2019
939 2019
940 2019